0
0
0
0
0
0
0
0
0
0
0
0
0
0
0
0
0
0
0
0
0
0
0
0
0
0
0
0
0
0
0
0
0
0
0
0
0
0
0
0
0
0
0
0
0
0
0
0
0
0
0
0
0
0
0
0
0
0
0
0
0
0
0
0
0
0
0
0
0
0
0
0
0
0
0
0
0
0
0
0
0
0
0
0
0
0
0
0
0
0
0
0
0
0
0
0
0
0
0
0
0
15
52
204
6216
6239
6292
6233
6196
6245
0
0
0
12
61
210
12502
12394
12484
12471
12520
12578
0
0
0
23
36
209
18666
18638
18925
18590
18602
18660
0
0
0
0
0
0
0
0
0
0
0
0
0
0
0
0
0
0
0
0
0
0
0
0
0
0
0
0
28
156
6278
6234
6240
6279
6153
6208
0
0
0
0
26
139
12482
12526
12561
12524
12273
12542
0
0
0
18
0
182
18739
18810
18741
18525
18700
18693
0
0
0
0
0
0
0
0
